36
IMG_0293:48.7116666:2.2101349:Jardin entre Bôbar et Foch:Post-it:Panorama
IMG_0294:48.7116666:2.2101349:::
IMG_0295:48.7116666:2.2101349:::
IMG_0296:48.7116666:2.2101349:::
IMG_0297:48.7116666:2.2101349:::
IMG_0298:48.7116666:2.2101349:::
IMG_0299:48.7116666:2.2101349:::
IMG_0300:48.7116666:2.2101349:::
IMG_0301:48.7129648:2.2105359:Grand Hall devant les banques::
IMG_0302:48.7129648:2.2105359:::
IMG_0303:48.7129648:2.2105359:::
IMG_0304:48.7129648:2.2105359:::
IMG_0305:48.7129648:2.2105359:::
IMG_0306:48.7129648:2.2105359:::
IMG_0307:48.7136824:2.2100008:PC devant la cour vaneau::
IMG_0308:48.7136824:2.2100008:::
IMG_0309:48.7136824:2.2100008:::
IMG_0310:48.7136824:2.2100008:::
IMG_0311:48.7136824 2.2100008:::
DSC05819:48.7109303:2.2089212:Sortie parking des élèves::
DSC05820:48.7109303:2.2089212:::
DSC05821:48.7109303:2.2089212:::
DSC05822:48.7109303:2.2089212:::
DSC05823:48.7109303:2.2089212:::
DSC05824:48.7109303:2.2089212:::
DSC05825:48.7109303:2.2089212:::
DSC05826:48.7109303:2.2089212:::
DSC05827:48.7109303:2.2089212:::
DSC05828:48.7109303:2.2089212:::
DSC05829:48.7098056:2.2103119:Arrêt bus::
DSC05830:48.7098056:2.2103119:::
DSC05831:48.7098056:2.2103119:::
DSC05832:48.7098056:2.2103119:::
DSC05833:48.7098056:2.2103119:::
DSC05834:48.7098056:2.2103119:::
DSC05835:48.7098056:2.2103119:::
