23
IMG_0293:48.7116666:2.2101349:Jardin entre Bôbar et Foch:Post-it:Panorama
IMG_0296:48.7116666:2.2101349:::
IMG_0300:48.7116666:2.2101349:::
DSC05824:48.7109303:2.2089212:::
DSC05825:48.7109303:2.2089212:::
DSC05826:48.7109303:2.2089212:::
DSC05827:48.7109303:2.2089212:::
DSC05834:48.7098056:2.2103119:::
